20
98
41
61
28
64
37
63
90
59
83
38
11
37
25
70
12
68
55
66
64
25
43
12
41
93
59
15
64
78
55
45
78
96
34
55
32
83
22
45
65
15
89
74
47
67
15
87
94
72
37
34
79
62
32
94
65
38
30
35
14
31
98
21
14
47
60
14
12
70
48
28
55
19
11
58
35
69
65
73
88
72
21
92
51
30
65
26
74
39
89
93
63
87
40
43
17
78
69
99
16
10
84
33
33
18
78
70
60
73
69
96
73
56
46
42
20
16
69
84
82
44
40
73
80
54
65
68
78
67
51
56
99
65
66
88
88
87
69
42
52
95
65
10
69
93
30
16
51
98
33
11
18
85
27
72
70
20
53
78
53
20
91
93
32
23
97
17
90
57
54
32
46
36
42
86
79
39
14
86
34
59
26
80
44
50
47
23
47
93
28
77
44
90
89
41
14
72
78
56
96
22
25
93
53
10
64
82
53
41
93
40
16
66
54
94
93
20
58
82
75
83
69
96
39
77
87
56
47
10
81
16
61
57
90
22
43
32
37
43
86
65
69
16
10
87
71
78
46
95
47
93
23
96
80
22
52
29
63
76
23
17
44
53
59
86
79
58
76
42
60
71
83
24
95
20
24
63
96
52
15
19
20
52
62
88
93
64
77
77
69
24
68
61
30
78
30
26
57
23
18
22
12
13
44
76
20
98
10
70
98
89
33
21
70
13
96
92
90
71
93
24
81
98
72
46
12
32
94
26
89
97
15
82
44
93
17
16
17
86
78
95
64
17
78
79
90
57
90
27
82
38
36
85
30
93
41
13
41
97
74
87
14
83
80
11
83
50
77
76
96
90
84
14
93
97
60
74
30
93
55
55
41
77
44
61
71
29
61
50
62
13
75
20
21
90
90
80
36
76
96
50
79
24
30
91
53
31
92
32
42
67
83
47
51
29
56
37
49
29
40
63
89
37
24
92
24
74
93
12
17
80
47
53
97
15
75
27
56
52
17
49
37
38
17
95
30
37
68
91
44
63
41
17
46
42
61
52
99
37
76
79
38
90
25
62
29
39
50
45
53
39
80
96
21
90
36
60
29
29
72
87
15
11
68
53
48
39
16
64
54
33
27
28
76
38
21
46
23
54
75
90
86
32
47
15
83
45
95
56
15
10
32
80
65
89
73
37
31
72
24
90
33
85
91
30
21
61
30
83
79
89
47
74
53
81
10
83
63
63
70
13
43
59
59
54
10
46
62
86
64
83
25
50
40
85
67
11
41
27
93
31
25
22
77
26
63
58
36
84
89
90
73
68
12
20
56
73
36
47
29
74
98
43
29
95
74
96
43
68
23
99
52
46
69
48
88
31
82
43
91
52
19
78
96
74
19
57
48
29
38
93
74
94
97
28
32
81
93
82
51
66
24
68
70
90
48
37
98
63
32
35
91
93
56
77
65
30
47
54
85
26
57
24
40
30
34
57
48
51
25
16
38
10
91
34
38
51
17
16
36
82
59
85
96
12
12
81
48
30
63
11
44
48
96
35
18
10
37
50
65
90
89
56
47
26
97
91
12
31
49
23
23
41
28
13
67
72
27
38
27
53
19
28
87
24
72
89
13
65
25
38
23
67
50
46
92
12
47
80
14
21
78
26
81
50
88
13
29
92
67
46
82
99
32
22
80
71
69
33
53
18
24
33
65
76
80
10
10